{
  "B": [
    -0.2062552410391589,
    -0.00773403434004597,
    -0.1156119024776157,
    -0.5093991186732462,
    -0.37659982093889377,
    0.3696265866374535,
    -0.24702321199749155,
    0.29997910312927556,
    -0.2008829707626757,
    0.2503472321744876,
    -0.1562092835777898,
    0.06667727547685301,
    -0.018871549926876306,
    0.3505070306847758,
    0.17316996180027736,
    0.16167856667809508,
    -0.21906236202747517,
    0.03377030654814114,
    -0.07477675067478136,
    -0.04326607029465797,
    0.15551832257258255,
    -0.01665486760567186,
    -0.03643066985562593,
    -0.42752958299417526,
    0.3278739845558368,
    -0.2857377928086504,
    0.20926649937666814,
    0.6676585676858154,
    -0.07483856936326418,
    0.14633094140857006,
    0.05924296819644591,
    0.1384175105045175,
    -0.03170169568743016,
    -0.3000513407551046,
    -0.15009200800910774,
    -0.28917550942819803,
    -0.07298919800492498,
    0.7346087759784737,
    0.3596766004638408,
    -0.162944433882214,
    -0.02046801626243512,
    0.2276331588177714,
    0.17045934923514486,
    -0.3617591379602033,
    -0.03991009322330078,
    -0.6132161267209354,
    -0.026140849759373374,
    -0.2490973076144475,
    0.12058427071662357,
    -0.14326622011751936,
    -0.05219920666886587,
    -0.03517087842517588,
    0.4633454920803691,
    0.24526182800326712,
    0.21083964898359336,
    -0.20344777987160828,
    -0.23542622481160907,
    -0.28804086602424867,
    0.004158000581053892,
    -0.11450319279019529,
    -0.05839680281073466,
    -0.4075501793752928,
    0.09600163845854617,
    0.2102871812764239,
    -0.33901878933542745,
    -0.09540638787905058,
    -0.12144349774995869,
    -0.6390069309559235,
    -0.24940010489334355,
    -0.12735549423902487,
    0.2941660176028478,
    0.19871520774840865,
    -0.642938381979996,
    -0.14953292014127662,
    -0.12979725268173967,
    -0.13565997855936446,
    0.3705117896172696,
    -0.02976928219470542,
    0.2653412408682728,
    0.26370334164267056,
    -0.3072691078454514,
    -0.09758967981899393,
    -0.07994505028486414,
    -0.12065621520059731,
    0.047557629022919476,
    -0.17513514916303574,
    0.10022744017450065,
    0.047434501766710234,
    -0.001486600186489504,
    0.04856672314249841,
    0.40443941226733443,
    0.017375600836921027,
    -0.02410404477479213,
    0.017967334692822662,
    0.1482354683860705,
    0.31413754081876744,
    -0.7665080379947324,
    0.2818541154760076,
    0.11303906226554954,
    -0.26549322075890036,
    -0.07473641993515234,
    0.22884265417315738,
    -0.2415107902543611,
    -0.5413574173098407,
    -0.21283183864965133,
    -0.040598317228757064,
    -0.15749701668536115,
    -0.06962976688781462,
    -0.40029007933830485,
    0.42557678898034396,
    0.12520281953083767,
    0.27159341975347895,
    -0.25129109670262245,
    -0.23157120055442368,
    0.2637026453512363,
    0.01207099765124296,
    0.16297823795165586,
    0.06509828964371406,
    0.6311467539203882,
    0.050007979868227484,
    0.05132994502541588,
    0.24806416463648276,
    -0.24287841718532474,
    0.01041880548045921,
    0.45530907456006126,
    0.2265405698659665,
    -0.737824962098309,
    -0.07402905967187302,
    -0.5345737580700176,
    0.1956341442571139,
    0.005926928599401901,
    -0.0179636712581952,
    0.03220501369315161,
    -0.02969072253144659,
    0.06108409241965692,
    -0.1026697485257082,
    0.23645741320254673,
    0.2153838850614131,
    0.028732209944428065,
    -0.08009662185984454,
    -0.10231483158828636,
    0.4177221325738958,
    0.29609094451711715,
    0.09047970346373359,
    -0.6678463617988571,
    -0.18467637205364879,
    0.27716201249467626,
    0.2342165882762988,
    0.017670578852432412,
    -0.07200937885013246,
    0.1702707147589419,
    0.11727554989916729,
    0.07767935049455986,
    -0.23044696108433835,
    -0.053208694246441264,
    -0.1644368858704073,
    0.11300596460968358,
    -0.06697688107688811,
    0.05783997965013775,
    -0.24253320024590508,
    -0.21127844439606602,
    0.45860990745882846,
    0.7714985705713787,
    0.0377365461612918,
    0.0966575746202206,
    -0.06895691286495977,
    -0.04935495033669357,
    0.15025280375581668,
    0.001781010208814926,
    -0.45371882697096083,
    0.051515018672107206,
    0.1354480028387877,
    -0.5372311434325442,
    0.28272385995581606,
    -0.030361347856704364,
    -0.4901095344441416,
    0.307627075985102,
    -0.04817075167785066,
    -0.031094577975692757,
    -0.2535880159653451,
    -0.020479887106839522,
    -0.028439869568195678,
    0.3390862366262403,
    -0.36249965023413,
    -0.21476200760971706,
    0.42971099953279523,
    -0.08790292090644314,
    0.2282008371878087,
    0.024472734308126985,
    0.499760216605898,
    -0.20740754096477462,
    0.22099318510816812,
    0.28012241775448904,
    -0.015425267281810307,
    0.1488484000483405,
    -0.1412809270410248
  ],
  "C": [
    0.6849631684055069,
    0.4970619955670532,
    0.25536782358148485,
    -0.2898568823537802,
    -0.14512797564953578,
    -0.09156719416709343,
    0.29853816055121285,
    0.3297128396820137,
    0.25112910610633693,
    -0.13456444071481422,
    -0.26022824732783,
    0.09685229440325735,
    -0.10929747567891264,
    -0.05767904446629095,
    0.4970619955670532,
    1.8410388664328503,
    0.36103163862329885,
    -0.2237699512688522,
    -0.11434912253386068,
    -0.3908479756798676,
    0.1606010686905753,
    0.3163880478258618,
    0.48365771776601224,
    -0.10639618352070046,
    -0.3574526488366075,
    0.28084466855238377,
    0.025931247351517236,
    -0.1838520398630136,
    0.25536782358148485,
    0.36103163862329885,
    0.9026002061529108,
    -0.02678874089780455,
    -0.023352626521206326,
    -0.0300413769550297,
    0.19024526917011517,
    -0.032216392101447916,
    0.14109559429719573,
    -0.07173040157369269,
    -0.17852864134275656,
    0.10919005879227502,
    0.01967683684857577,
    0.060157337136819033,
    -0.2898568823537802,
    -0.2237699512688522,
    -0.02678874089780455,
    0.6680977009119966,
    -0.24533724822496011,
    -0.11855744345295417,
    -0.31504645590486186,
    -0.12183336694917678,
    -0.036111338694297675,
    0.22858289279877003,
    0.2788942602683975,
    -0.12464643121042032,
    -0.08010428670137698,
    0.21525824883552938,
    -0.14512797564953578,
    -0.11434912253386068,
    -0.023352626521206326,
    -0.24533724822496011,
    0.9571182721957376,
    0.14641685008360705,
    0.024106383322700986,
    -0.37396392704234505,
    -0.30121145062154836,
    -0.18864280277063708,
    -0.024492331231353394,
    -0.08158774655703421,
    0.10838328291431829,
    0.0013231623732300661,
    -0.09156719416709343,
    -0.3908479756798676,
    -0.0300413769550297,
    -0.11855744345295417,
    0.14641685008360705,
    0.4376626083352012,
    -0.021057253247367746,
    -0.08921717652928823,
    0.02765239123213416,
    -0.06969743992607481,
    0.022869897548201068,
    0.03783884367093434,
    0.08281643052444089,
    -0.05312810857240114,
    0.29853816055121285,
    0.1606010686905753,
    0.19024526917011517,
    -0.31504645590486186,
    0.024106383322700986,
    -0.021057253247367746,
    1.721126893643465,
    0.11013719002164193,
    -0.47016573609444057,
    0.009132415433771152,
    -0.20670129759905037,
    0.15126817495585004,
    -0.10041668266258641,
    -0.29138863241429747,
    0.3297128396820137,
    0.3163880478258618,
    -0.032216392101447916,
    -0.12183336694917678,
    -0.37396392704234505,
    -0.08921717652928823,
    0.11013719002164193,
    0.8574298844764591,
    0.3235127166556555,
    -0.02594794918284018,
    -0.1492517676212575,
    -0.005291499798618447,
    -0.18800839996973123,
    -0.20816331773736135,
    0.25112910610633693,
    0.48365771776601224,
    0.14109559429719573,
    -0.036111338694297675,
    -0.30121145062154836,
    0.02765239123213416,
    -0.47016573609444057,
    0.3235127166556555,
    0.9099353744764623,
    -0.09399826351902403,
    -0.08682500032030264,
    0.03026599694348339,
    -0.04493421286480064,
    0.031153392511735933,
    -0.13456444071481422,
    -0.10639618352070046,
    -0.07173040157369269,
    0.22858289279877003,
    -0.18864280277063708,
    -0.06969743992607481,
    0.009132415433771152,
    -0.02594794918284018,
    -0.09399826351902403,
    0.2844781392689569,
    0.12794459656298154,
    -0.01837047453348819,
    -0.05000964853873719,
    0.07777655452625984,
    -0.26022824732783,
    -0.3574526488366075,
    -0.17852864134275656,
    0.2788942602683975,
    -0.024492331231353394,
    0.022869897548201068,
    -0.20670129759905037,
    -0.1492517676212575,
    -0.08682500032030264,
    0.12794459656298154,
    0.4282505841826806,
    -0.06315825856971102,
    -0.06188959266139868,
    0.18056322315581,
    0.09685229440325735,
    0.28084466855238377,
    0.10919005879227502,
    -0.12464643121042032,
    -0.08158774655703421,
    0.03783884367093434,
    0.15126817495585004,
    -0.005291499798618447,
    0.03026599694348339,
    -0.01837047453348819,
    -0.06315825856971102,
    0.6613709840000912,
    0.042302270688853644,
    -0.0603567784728796,
    -0.10929747567891264,
    0.025931247351517236,
    0.01967683684857577,
    -0.08010428670137698,
    0.10838328291431829,
    0.08281643052444089,
    -0.10041668266258641,
    -0.18800839996973123,
    -0.04493421286480064,
    -0.05000964853873719,
    -0.06188959266139868,
    0.042302270688853644,
    0.40544600770718847,
    -0.11054241667086852,
    -0.05767904446629095,
    -0.1838520398630136,
    0.060157337136819033,
    0.21525824883552938,
    0.0013231623732300661,
    -0.05312810857240114,
    -0.29138863241429747,
    -0.20816331773736135,
    0.031153392511735933,
    0.07777655452625984,
    0.18056322315581,
    -0.0603567784728796,
    -0.11054241667086852,
    0.49056993805549404
  ],
  "D": [
    0.36264258112943926,
    0.4009845743920055,
    0.40564011109060116,
    0.4250544942327754,
    0.4373781060631711,
    0.6023260673485921,
    0.6330275704619304,
    0.7156808310984685,
    0.8357156475505148,
    0.9371966972388557,
    1.0400221227371678,
    1.1730889321411795,
    1.458613752023715,
    1.7272694780785842
  ],
  "best_fitness": -1.4056053008350833,
  "best_params": [
    1.897994583917126,
    -8.786959558154463,
    -1.8806765566633148,
    -0.861802272986198,
    -0.058913157784658214,
    3.318500743447708,
    -2.863643656160519,
    1.383263661559461,
    -3.009178717421966,
    1.136481253237325,
    0.07636367243792809,
    4.106042578416067,
    -2.3893446935573195,
    -1.3630234470308435
  ],
  "eigen_eval": 0,
  "fitness_history": [
    -98.61992155344602,
    -77.2045796086231,
    -76.65089579145004,
    -18.630653125026814,
    -6.104520620554441,
    -7.059598520295197,
    -3.0590974880819646,
    -3.2120968342261027,
    -4.049074545152146,
    -3.7912497610808,
    -3.0103056746894756,
    -4.2033136251709875,
    -2.2454198532073906,
    -2.952628927338452,
    -2.172804203650669,
    -3.108630437783309,
    -2.7211853648868805,
    -2.4379362977077883,
    -3.2561489078622103,
    -3.741360249630309,
    -4.196852851099566,
    -3.026788072728069,
    -4.615771165791125,
    -2.561085693123591,
    -2.693828859991827,
    -3.7593843164490734,
    -2.7985706462379305,
    -2.5441694225323626,
    -4.280004528887945,
    -4.976911398361759,
    -4.37249488938378,
    -4.517725149442178,
    -4.643191301907379,
    -4.4446109633468875,
    -4.63577964549199,
    -4.175837742994399,
    -4.507998430766636,
    -3.940190972928226,
    -4.7304176546525865,
    -4.583221785805359,
    -4.291521873725734,
    -4.56938444414159,
    -4.025960203239725,
    -4.557947673133615,
    -4.60088951272003,
    -5.448289396859272,
    -4.833160142424166,
    -4.29095255795629,
    -4.785401284152031,
    -4.363992965597119,
    -4.278094404646115,
    -4.631654322604212,
    -4.559521143703279,
    -4.739308678906069,
    -4.92702006176695,
    -4.398189705613857,
    -4.474340263884689,
    -4.403964287212901,
    -4.434731480652976,
    -4.1615301970897995,
    -4.9951191928954275,
    -4.6340772114297195,
    -4.043667184890937,
    -4.416382138348966,
    -4.267014897747625,
    -4.558257465329954,
    -4.660037222970623,
    -4.724653337985242,
    -4.219413603143504,
    -3.435944875340136,
    -4.148414648875641,
    -4.072441264924017,
    -4.197674422601434,
    -4.205747458302304,
    -3.5525844216995237,
    -4.219296414176978,
    -4.137472993545457,
    -4.5350940922367595,
    -4.097956459812771,
    -3.9217432869235354,
    -3.8221779167323513,
    -3.6772802193160223,
    -4.082789129997711,
    -4.155052565006007,
    -3.9274799604331094,
    -4.206995005948738,
    -4.7083428626789,
    -4.00507883321332,
    -4.455241394161085,
    -3.9199947911667814,
    -4.13375389387784,
    -4.478855946637105,
    -4.207877655492413,
    -4.060629734568923,
    -4.4815003630148516,
    -3.0030267241226967,
    -2.712925048898807,
    -2.359700420437977,
    -2.934637380158555,
    -3.738710208662366,
    -2.77965855276781,
    -3.312083173472978,
    -2.466497336803502,
    -1.6860652995478647,
    -3.2881777497447073,
    -2.8402509821949953,
    -2.6604410822472384,
    -3.062262697951494,
    -2.31380598693986,
    -2.034654667375161,
    -2.797330856901226,
    -2.9329173768390193,
    -3.5033695541635432,
    -2.9795049832163527,
    -3.1925517818420994,
    -3.2865623276144897,
    -3.3412340693334306,
    -2.412079259640221,
    -2.4118780270385343,
    -2.9253568253995086,
    -2.6482183595038684,
    -2.429319432760875,
    -2.178572435372724,
    -2.480574473565221,
    -2.78717853501798,
    -3.4013508374343577,
    -2.6094354621148423,
    -2.5271867602655678,
    -2.9154180231447295,
    -3.1311145905487394,
    -3.6154216403495214,
    -2.798573365459969,
    -2.695580825040013,
    -3.110997910405871,
    -3.6782327467775886,
    -2.2837633374032857,
    -2.231734091754567,
    -3.2165747980505954,
    -2.3767115732078716,
    -2.0437222510782425,
    -2.7985114293153184,
    -2.837403458238767,
    -3.1187167660540127,
    -2.8186709378717043,
    -3.0170090532617393,
    -2.579140863411853,
    -2.4874356876668413,
    -3.206575403551557,
    -3.3861750236814894,
    -3.276832443311069,
    -2.6366989887745276,
    -2.9177364922973124,
    -2.8495334396146683,
    -3.088651760723362,
    -3.1110717442439215,
    -2.9633288599893928,
    -2.7210925657127203,
    -3.8883075769569397,
    -3.4803816526306814,
    -3.043161199562417,
    -3.5772314613618303,
    -3.1554895220292862,
    -2.730103268929666,
    -3.2349905835666495,
    -2.853160337021888,
    -3.9698481104437993,
    -2.6639094501317535,
    -2.5402698431333413,
    -2.268689600229994,
    -2.59466094203097,
    -2.3971970682519026,
    -2.6680412185600746,
    -3.1730008307827084,
    -2.535559843581152,
    -2.7072186187073806,
    -3.2413673420443128,
    -2.671398369761626,
    -4.781146951721803,
    -4.89196121645644,
    -3.8144646452029396,
    -3.1145581729531018,
    -3.2820305176316498,
    -2.3155801599952484,
    -3.789561119500599,
    -2.803923555347853,
    -2.406907397670654,
    -2.386331758627923,
    -2.9343773196107654,
    -3.2408391729677746,
    -2.8501860239439702,
    -2.636570738275025,
    -2.417028956350491,
    -3.664852565102777,
    -2.1701702227745288,
    -2.4607687105214957,
    -2.776200374487115,
    -2.51809129558895,
    -1.4136187301267849,
    -3.0026197764522435,
    -1.8592882578735257,
    -1.4056053008350833,
    -2.454893392046596,
    -2.7161196384497264,
    -2.9056934426883934,
    -2.7311557401035653,
    -2.680304536688578,
    -3.927989508966795,
    -3.2742993283044868,
    -2.4003984088905024,
    -2.5398978940340537,
    -2.7094370945153856,
    -2.546094598346752,
    -2.617596775231477,
    -2.3282027270086316,
    -3.0920968620828626,
    -3.037780586061505,
    -2.6310798824792396,
    -2.7290654006889707,
    -4.903619236008997,
    -2.2756098238127973,
    -2.4836369110291003,
    -2.70334054931768,
    -2.475141568705027,
    -3.1000811101137726,
    -2.574439216084731,
    -3.1399666353448676,
    -2.660960040933272,
    -2.6534136254933,
    -2.707053404133389,
    -2.3933026114573965,
    -4.224381180649325,
    -4.26134258789982,
    -3.411587663476096,
    -2.9384003601144077,
    -2.996866811214895,
    -4.128493119019892,
    -4.253020634799199,
    -4.243472829913122,
    -4.516365908094528,
    -4.798597882836995,
    -4.869775962289614,
    -3.9769790767540125,
    -4.07782969250444,
    -4.459082369438127,
    -2.7356341908063198,
    -4.663659055105327,
    -4.078283346283268,
    -2.628575430087164,
    -4.83112845466338,
    -4.879834699186012,
    -4.122372318389028,
    -2.4771367997830858,
    -2.8121673177327997,
    -2.346960607142689,
    -2.835737631955737,
    -2.3828448876811956,
    -3.7185897746272167,
    -3.3571830953416706,
    -2.5848606318268503,
    -2.037549278904711,
    -3.320256780156922,
    -3.559785626439986,
    -2.3178170672215477,
    -3.8640993567136848,
    -3.795588629622924,
    -3.523499980593019,
    -2.9421564459126857,
    -4.4780561396309855,
    -2.767052482359572,
    -3.61694954165816,
    -3.1340143018289504,
    -2.8252902116747847,
    -2.6839492799945965,
    -2.4955934374729107,
    -4.280513781405784,
    -2.767530418053092,
    -3.035046544978057,
    -2.491634671489172,
    -2.8592929983435833,
    -2.530345814504819,
    -2.513047895475997,
    -3.352567958327605,
    -4.222101133977079,
    -2.7714189305539803,
    -2.6087015736069614,
    -2.362854691546695,
    -3.0882209433851266,
    -2.234706456286428,
    -3.2465827068983484,
    -1.8803725640607245,
    -2.1235725971461656,
    -3.181726178287768,
    -2.843589641099313,
    -3.3557517313898764,
    -1.9761412967871999,
    -3.0771514652291443,
    -3.2497107376613856,
    -2.499322090522429,
    -3.327199145911698,
    -3.252812560570885
  ],
  "generation": 299,
  "mean": [
    -0.9732365301262399,
    -16.3464163422469,
    -6.349913516691756,
    -2.4788029809967074,
    4.517525814276299,
    5.418277000873972,
    3.084322048789349,
    -1.7423650716536456,
    -8.861859460091516,
    1.3772765317031148,
    1.1311440770943826,
    2.1591923613067503,
    -2.9847209692568124,
    -1.4432146462231104
  ],
  "pc": [
    0.27344895528270724,
    -1.301908420222589,
    -0.7539786643239355,
    -0.21930604201296847,
    -0.1479088303541585,
    0.7928494912410294,
    2.5945617532407894,
    0.6823174656360195,
    -0.7860012340622093,
    0.38194257698021405,
    0.5603911278383111,
    -0.30045546887955404,
    -0.10567243115108244,
    -0.2780205485303159
  ],
  "ps": [
    0.5862479984418427,
    -0.9135093666124373,
    -0.7694311251836801,
    0.03722030478859772,
    -0.03766473045978223,
    1.5316495251960573,
    2.40562440522679,
    0.9816509463187271,
    -0.474238239330875,
    0.5967143207905222,
    1.2507059882310005,
    -0.6743590376957775,
    0.46185346521421267,
    0.07061258564859056
  ],
  "sigma": 0.6674503298172404
}
